cond(P^-1 Sigma) per -Lap. nx=ny=4; Omega=(-1,1)^2
H,   P=I   P=NN    P=bNN   
1   1.029e+01  2.251e+00   1.503e+00  
5.000000e-01   3.490e+01  8.713e+00   2.125e+00  
3.333333e-01   7.629e+01  1.994e+01   2.250e+00  
2.500000e-01   1.343e+02  3.548e+01   2.269e+00  
2.000000e-01   2.088e+02  5.528e+01   2.285e+00  
1.666667e-01   3.000e+02  7.939e+01   2.291e+00  
1.428571e-01   4.077e+02  1.078e+02   2.294e+00  
1.250000e-01   5.319e+02  1.406e+02   2.297e+00  
1.111111e-01   6.728e+02  1.777e+02   2.298e+00  
1.000000e-01   8.302e+02  2.191e+02   2.300e+00  
9.090909e-02   1.004e+03  2.650e+02   2.301e+00  
