cond(P^-1 Sigma) per -Lap. nex=ney=2; Omega=(-1,1)^2
N,   P=I   P=NN    P=bNN   
4   1.029e+01  2.251e+00   1.503e+00  
8   2.435e+01  3.790e+00   2.376e+00  
12   3.904e+01  4.991e+00   3.068e+00  
16   5.409e+01  5.978e+00   3.640e+00  
20   6.938e+01  6.821e+00   4.130e+00  
24   8.483e+01  7.560e+00   4.561e+00  
28   1.004e+02  8.220e+00   4.946e+00  
32   1.160e+02  8.817e+00   5.295e+00  
36   1.316e+02  9.364e+00   5.615e+00  
40   1.472e+02  9.869e+00   5.910e+00  
44   1.629e+02  1.034e+01   6.186e+00  
